	Latitude	Longitude	Altitude	Temperature	Precipitation	TOC	NH4	NO3	pH	Conductivity	TN
S1	52.96481667	122.5634833	432	-4.2	445	10.02	18.959657	1.93	5.1	108.7	0.28
S2	52.94876667	122.6108667	445	-4.3	449	6.94	21.057305	1.46	6.53	31.2	0.22
S3	52.94931667	122.6099167	430	-4.3	449	8.38	14.3193725	2.38	5.13	68.2	0.26
S4	52.949	122.6104	430	-4.3	449	8.17	20.8964525	1.38	5.81	64.4	0.25
S5	52.95291667	122.6057	429	-4.3	449	8.41	9.65465	0.77	5.5	33.5	0.24
S6	52.953	122.6122833	429	-4.3	449	8.13	15.94577	1.31	5.37	33.3	0.26
S7	52.95288333	122.6062167	432	-4.3	449	12.81	29.81833	1.84	5.31	22.9	0.41
S9	52.98708333	122.44045	436	-4.2	444	16.94	34.858375	4.45	5.9	82.6	0.51
S10	52.97806667	122.4760167	436	-4.2	445	65.37	15.30586	7.68	5.16	61	1.76
S11	52.978	122.4762	433	-4.2	445	62.84	16.056505	7.06	5	32.4	1.65
S12	52.97798333	122.4765333	435	-4.2	445	67.53	2.53070875	2.07	5.26	46.1	1.81
S13	52.978	122.477	432	-4.2	445	52.68	9.765385	5.84	5	56.5	1.65
S15	49.31796667	117.6673167	536	-0.7	301	0.27	8.9576225	0	9.8	117	0.04
S16	49.3173	117.6703667	537	-0.7	301	0.7	7.72442	0.31	9.58	139.5	0.02
S17	49.31705	117.6709	535	-0.7	301	0.69	8.904005	0	9.9	241	0.09
S18	49.32048333	117.6740667	541	-0.7	301	0.64	7.1703725	0	9.1	93.3	0.05
S19	49.32051667	117.6738333	543	-0.7	301	0.4	6.8486675	1.08	8.76	76.2	0.04
S20	49.32058333	117.6732667	544	-0.7	301	1.96	18.8589875	0.46	8.68	152.2	0.09
S22	48.26868333	134.66925	38	2	668	4.89	19.59176	1.31	6.81	13.1	0.23
S23	48.25776667	134.6558833	40	1.9	668	3.85	28.5458825	0.38	6.36	23.4	0.17
S24	48.25795	134.6559833	45	1.9	668	7.8	18.698135	1.08	5.78	27.8	0.37
S25	48.25705	134.6382167	37	1.9	668	0.97	5.3	0.54	6.5	17	0.06
S26	47.20046667	124.2395	143	3.6	428	2.06	5.7405725	0.38	8.76	102.2	0.07
S27	47.19763333	124.2395833	146	3.6	428	2.17	5.57972	1.46	8.66	86.6	0.07
S28	47.19846667	124.2374833	140	3.6	428	0.75	3.8103425	3.46	10.54	447	0.04
S30	47.1928	124.22355	143	3.6	428	5.35	8.546555	1.38	9.12	147.9	0.16
S34	46.83041667	130.3062333	84	3.2	550	1.89	11.7814775	3.69	7.9	47.9	0.07
S35	46.83091667	130.3065833	80	3.2	550	3.73	18.5909	3.84	7.78	53.8	0.17
S36	46.53348333	125.1856333	141	3.5	437	0.89	7.6350575	1.08	10.62	1797	0.07
S37	46.5305	125.1912667	151	3.5	437	1.22	4.43588	3.3	8.93	291	0.1
S61	40.8964	121.8315	2	9.3	619	1	7.561647	5.16	9.03	557	0.04
S62	40.89633333	121.8315167	1	9.3	619	1.51	7.445944	2.1	8.59	450	0.04
S63	40.91821667	121.8386167	0	9.3	619	1.81	14.470769	3.63	8.51	508	0.09
S65	40.9261	121.8287	0	9.3	619	0.91	6.917016	2.1	8.7	230	0.03
S85	37.76338333	119.1524167	0	12.2	585	1.76	18.371613	3.06	8.25	1659	0.06
S86	37.76591667	119.15195	2	12.2	585	3.06	16.834416	1.05	8.6	531	0.09
S87	37.76338333	119.1520833	0	12.2	585	5.04	22.636095	0.81	8.15	1912	0.09
S88	37.76343333	119.1519	0	12.2	585	3.37	34.322098	0	8.3	2720	0.12
S89	37.76376667	119.1512833	0	12.2	585	2.75	28.900586	0	8.5	1931	0.08
S112	31.514752	121.963047	0	15.8	1022	1.51	19.90881	6.69	7.98	2710	0.06
S113	31.514752	121.963047	0	15.8	1022	1.28	4.503782	6.69	7.5	2040	0.05
S114	31.514752	121.963047	0	15.8	1022	1.47	5.36329	2.74	7.79	3350	0.06
S161	23.92566667	117.4168167	8	21.3	1251	2.11	11.464364	0.72	6.84	3310	0.08
S162	23.92568333	117.4161333	13	21.3	1251	2.87	19.22974	0.93	6.81	4160	0.1
S164	23.9251	117.4145667	14	21.3	1251	3.66	17.789388	1.86	7.41	1547	0.12
S165	23.92506667	117.4144833	13	21.3	1251	4.04	48.240308	0	7.23	2150	0.14
S166	23.92491667	117.4140167	8	21.3	1251	3.69	11.902732	0	7.25	2290	0.12
S167	22.4308	113.6298833	14	22.6	1766	8.91	20.216068	0	7.39	447	0.26
S168	22.43768333	113.6343667	16	22.6	1766	3.62	21.766012	0.43	7.14	342	0.14
S169	22.43745	113.6350167	24	22.6	1766	3.17	22.063476	0.43	7.17	528	0.12
S170	20.929	110.16635	4	23.7	1269	1.12	9.67958	0.36	7.41	3120	0.03
S171	20.92876667	110.16555	3	23.7	1269	1.56	14.658188	0	7.88	3060	0.06
S172	20.9286	110.164	13	23.7	1269	2.96	22.83062	0	7.7	5530	0.11
S173	20.92845	110.1638167	6	23.7	1269	1.9	8.787188	0.72	7.56	2630	0.07
S174	20.92843333	110.1636	6	23.7	1269	2.48	8.755876	0	7.81	5220	0.08
S175	20.92838333	110.1632	8	23.7	1269	2.37	5.38	0	7.67	3390	0.06
S176	19.95061667	110.57645	12	24.1	1674	13.04	12.3411	0	6.82	3830	0.22
S177	19.95031667	110.57605	20	24.1	1674	24.55	51.630348	0	6.61	10800	0.46
S179	19.62508333	110.7652667	8	24.4	1837	5.25	14.736468	0.72	6.08	141.2	0.16
S182	19.62508333	110.7652667	8	24.4	1837	6.83	19.088836	0.72	5.55	225	0.21
S187	37.29883333	96.86143333	2812	4.4	137	8.64	40.318372	0	8.25	1004	0.31
S188	37.29758333	96.86123333	2813	4.4	137	9.97	33.755	1.43	8.16	1725	0.44
S191	37.2863	96.86041667	2821	4.4	137	9.32	42.056188	0.72	7.62	1394	0.41
S194	36.97683333	99.89115	3192	0.8	308	4.53	11.840108	0	9.56	4070	0.17
S196	36.9764	99.8898	3196	0.8	308	6.8	9.022028	0	9.92	1657	0.21
S197	37.0311	99.74961667	3205	0.7	290	2.31	6.125668	0.36	8.85	80.4	0.06
S198	37.031	99.74955	3201	0.7	290	2.88	6.924124	0.36	8.78	94.4	0.06
S201	36.8927	101.0121333	2990	2.1	401	7.62	42.075	0.99	8.01	300	0.25
S202	36.88831667	101.0157167	2987	2.1	401	4.99	18.55	0	8.19	130.1	0.17
S203	36.87956667	101.0200167	2987	2.1	401	3.4	11.66	0	8.21	429	0.1
S204	36.87861667	101.0198167	2986	2.1	401	2.63	10.985	0	9.21	299	0.1
S205	36.4259	94.85976667	2805	4.9	39	0.93	5.1267295	2.96	8.56	807	0.04
S206	36.4238	94.86213333	2802	4.9	39	1.59	9.0560755	1.4	9.18	86.1	0.05
S207	36.42181667	94.86283333	2808	4.9	39	0.87	31.2838465	1.56	9.06	109.5	0.03
S208	36.42223333	94.86641667	2796	4.9	39	1.23	45.903325	1.4	9.08	145.6	0.04
S209	36.42095	94.87036667	2799	4.9	39	0.73	7.57294	0.41	8.86	140.4	0.02
S210	33.9163	102.8131	3428	1.6	648	16	26.779826	0.53	8.29	159.5	0.45
S213	33.91898333	102.8120833	3432	1.6	648	22.57	10.060844	0	8.37	243	0.81
S214	33.9338	102.8672333	3440	1.4	651	19.05	3.0079645	6.91	8.02	182.8	0.54
S215	32.30878333	91.7323	4724	-3.5	359	10.19	25.29352	11.76	8.25	191.5	0.3
S216	32.30856667	91.7323	4724	-3.5	359	9.82	37.6786645	3.21	7.9	321	0.3
S217	32.30926667	91.732	4728	-3.5	359	6.59	8.2085695	0	8.15	182.1	0.23
S218	31.60555	99.99516667	3352	6.5	635	0.84	12.118654	0.41	8.77	53.1	0.05
S219	31.60605	99.99631667	3348	6.5	635	1.86	11.2518865	0.58	8.76	84.6	0.09
S220	31.60268333	100.002	3338	6.7	637	6.05	49.254826	0	8.1	199.1	0.23
S221	31.60208333	100.0032667	3337	6.7	637	4.49	41.973979	0.58	8.05	180.2	0.18
S222	31.6019	100.0049833	3345	6.7	637	2.97	10.962964	0.82	8.41	96.4	0.11
S223	31.60283333	100.0028167	3339	6.7	637	9.32	46.4619085	0	7.81	360	0.32
S224	31.60303333	100.0022	3340	6.7	637	9.95	108.063356	0.16	7.67	443	0.39
S225	31.2776	92.10165	4436	-0.5	409	6.62	24.0800455	4.85	7.73	207	0.24
